matrixmulti:
	1.000000 0.000000 0.000000 0.000000 
	0.000000 1.000000 0.000000 0.000000 
	0.000000 0.000000 1.000000 0.000000 
	0.000000 0.000000 0.000000 1.000000 

	1.000000 0.000000 0.000000 0.500000 
	0.000000 1.000000 0.000000 -0.500000 
	0.000000 0.000000 1.000000 0.000000 
	0.000000 0.000000 0.000000 1.000000 

matrixmulti:
	2.000000 0.000000 0.000000 0.000000 
	0.000000 2.000000 0.000000 0.000000 
	0.000000 0.000000 2.000000 0.000000 
	0.500000 -0.500000 0.000000 2.000000 

	0.999924 0.012331 0.000000 0.000000 
	-0.012331 0.999924 0.000000 0.000000 
	0.000000 0.000000 1.000000 0.000000 
	0.000000 0.000000 0.000000 1.000000 

matrixmulti:
	3.999848 -0.024663 0.000000 0.000000 
	0.024663 3.999848 0.000000 0.000000 
	0.000000 0.000000 4.000000 0.000000 
	0.993796 -1.006128 0.000000 4.000000 

	1.000000 0.000000 0.000000 0.500000 
	0.000000 1.000000 0.000000 -0.500000 
	0.000000 0.000000 1.000000 0.000000 
	0.000000 0.000000 0.000000 1.000000 

matrixmulti:
	7.999696 -0.049325 0.000000 0.000000 
	0.049325 7.999696 0.000000 0.000000 
	0.000000 0.000000 8.000000 0.000000 
	3.987593 -4.012255 0.000000 8.000000 

	0.999919 0.012751 0.000000 0.000000 
	-0.012751 0.999919 0.000000 0.000000 
	0.000000 0.000000 1.000000 0.000000 
	0.000000 0.000000 0.000000 1.000000 

matrixmulti:
	15.998113 -0.200647 0.000000 0.000000 
	0.200647 15.998112 0.000000 0.000000 
	0.000000 0.000000 16.000000 0.000000 
	7.923703 -8.075027 0.000000 16.000000 

	1.000000 0.000000 0.000000 0.500000 
	0.000000 1.000000 0.000000 -0.500000 
	0.000000 0.000000 1.000000 0.000000 
	0.000000 0.000000 0.000000 1.000000 

matrixmulti:
	31.996225 -0.401293 0.000000 0.000000 
	0.401293 31.996223 0.000000 0.000000 
	0.000000 0.000000 32.000000 0.000000 
	23.847404 -24.150055 0.000000 32.000000 

	0.999888 0.014937 0.000000 0.000000 
	-0.014937 0.999888 0.000000 0.000000 
	0.000000 0.000000 1.000000 0.000000 
	0.000000 0.000000 0.000000 1.000000 

matrixmulti:
	63.982887 -1.280462 0.000000 0.000000 
	1.280462 63.982880 0.000000 0.000000 
	0.000000 0.000000 64.000000 0.000000 
	47.331421 -48.653618 0.000000 64.000000 

	1.000000 0.000000 0.000000 0.500000 
	0.000000 1.000000 0.000000 -0.500000 
	0.000000 0.000000 1.000000 0.000000 
	0.000000 0.000000 0.000000 1.000000 

matrixmulti:
	127.965775 -2.560924 0.000000 0.000000 
	2.560924 127.965759 0.000000 0.000000 
	0.000000 0.000000 128.000000 0.000000 
	126.662842 -129.307236 0.000000 128.000000 

	0.999853 0.017120 0.000000 0.000000 
	-0.017120 0.999853 0.000000 0.000000 
	0.000000 0.000000 1.000000 0.000000 
	0.000000 0.000000 0.000000 1.000000 

matrixmulti:
	255.868958 -7.312299 0.000000 0.000000 
	7.312298 255.868927 0.000000 0.000000 
	0.000000 0.000000 256.000000 0.000000 
	251.093338 -260.764038 0.000000 256.000000 

	1.000000 0.000000 0.000000 0.500000 
	0.000000 1.000000 0.000000 -0.500000 
	0.000000 0.000000 1.000000 0.000000 
	0.000000 0.000000 0.000000 1.000000 

matrixmulti:
	511.737915 -14.624598 0.000000 0.000000 
	14.624597 511.737854 0.000000 0.000000 
	0.000000 0.000000 512.000000 0.000000 
	630.186646 -649.528076 0.000000 512.000000 

	0.999814 0.019301 0.000000 0.000000 
	-0.019301 0.999814 0.000000 0.000000 
	0.000000 0.000000 1.000000 0.000000 
	0.000000 0.000000 0.000000 1.000000 

matrixmulti:
	1023.098206 -39.123543 0.000000 0.000000 
	39.123539 1023.098145 0.000000 0.000000 
	0.000000 0.000000 1024.000000 0.000000 
	1247.719238 -1311.098389 0.000000 1024.000000 

	1.000000 0.000000 0.000000 0.500000 
	0.000000 1.000000 0.000000 -0.500000 
	0.000000 0.000000 1.000000 0.000000 
	0.000000 0.000000 0.000000 1.000000 

matrixmulti:
	2046.196411 -78.247086 0.000000 0.000000 
	78.247078 2046.196289 0.000000 0.000000 
	0.000000 0.000000 2048.000000 0.000000 
	3007.438477 -3134.196777 0.000000 2048.000000 

	0.999769 0.021482 0.000000 0.000000 
	-0.021482 0.999769 0.000000 0.000000 
	0.000000 0.000000 1.000000 0.000000 
	0.000000 0.000000 0.000000 1.000000 

matrixmulti:
	4090.239502 -200.432892 0.000000 0.000000 
	200.432877 4090.239258 0.000000 0.000000 
	0.000000 0.000000 4096.000000 0.000000 
	5946.853027 -6332.276367 0.000000 4096.000000 

	1.000000 0.000000 0.000000 0.500000 
	0.000000 1.000000 0.000000 -0.500000 
	0.000000 0.000000 1.000000 0.000000 
	0.000000 0.000000 0.000000 1.000000 

matrixmulti:
	8180.479004 -400.865784 0.000000 0.000000 
	400.865753 8180.478516 0.000000 0.000000 
	0.000000 0.000000 8192.000000 0.000000 
	13941.706055 -14712.552734 0.000000 8192.000000 

	0.999720 0.023662 0.000000 0.000000 
	-0.023662 0.999720 0.000000 0.000000 
	0.000000 0.000000 1.000000 0.000000 
	0.000000 0.000000 0.000000 1.000000 

matrixmulti:
	16349.182617 -995.189636 0.000000 0.000000 
	995.189575 16349.181641 0.000000 0.000000 
	0.000000 0.000000 16384.000000 0.000000 
	27531.373047 -29750.880859 0.000000 16384.000000 

	1.000000 0.000000 0.000000 0.500000 
	0.000000 1.000000 0.000000 -0.500000 
	0.000000 0.000000 1.000000 0.000000 
	0.000000 0.000000 0.000000 1.000000 

matrixmulti:
	32698.365234 -1990.379272 0.000000 0.000000 
	1990.379150 32698.363281 0.000000 0.000000 
	0.000000 0.000000 32768.000000 0.000000 
	63254.746094 -67693.765625 0.000000 32768.000000 

	0.999666 0.025846 0.000000 0.000000 
	-0.025846 0.999666 0.000000 0.000000 
	0.000000 0.000000 1.000000 0.000000 
	0.000000 0.000000 0.000000 1.000000 

matrixmulti:
	65334.363281 -4825.211426 0.000000 0.000000 
	4825.210938 65334.359375 0.000000 0.000000 
	0.000000 0.000000 65536.000000 0.000000 
	124738.757812 -136999.781250 0.000000 65536.000000 

	1.000000 0.000000 0.000000 0.500000 
	0.000000 1.000000 0.000000 -0.500000 
	0.000000 0.000000 1.000000 0.000000 
	0.000000 0.000000 0.000000 1.000000 

matrixmulti:
	130668.726562 -9650.422852 0.000000 0.000000 
	9650.421875 130668.718750 0.000000 0.000000 
	0.000000 0.000000 131072.000000 0.000000 
	282245.500000 -306767.562500 0.000000 131072.000000 

	0.999607 0.028028 0.000000 0.000000 
	-0.028028 0.999607 0.000000 0.000000 
	0.000000 0.000000 1.000000 0.000000 
	0.000000 0.000000 0.000000 1.000000 

matrixmulti:
	261015.640625 -22959.414062 0.000000 0.000000 
	22959.412109 261015.625000 0.000000 0.000000 
	0.000000 0.000000 262144.000000 0.000000 
	555782.125000 -621325.375000 0.000000 262144.000000 

	1.000000 0.000000 0.000000 0.500000 
	0.000000 1.000000 0.000000 -0.500000 
	0.000000 0.000000 1.000000 0.000000 
	0.000000 0.000000 0.000000 1.000000 

matrixmulti:
	522031.281250 -45918.828125 0.000000 0.000000 
	45918.824219 522031.250000 0.000000 0.000000 
	0.000000 0.000000 524288.000000 0.000000 
	1242636.250000 -1373722.750000 0.000000 524288.000000 

	0.999544 0.030209 0.000000 0.000000 
	-0.030209 0.999544 0.000000 0.000000 
	0.000000 0.000000 1.000000 0.000000 
	0.000000 0.000000 0.000000 1.000000 

matrixmulti:
	1042437.125000 -107586.765625 0.000000 0.000000 
	107586.757812 1042437.125000 0.000000 0.000000 
	0.000000 0.000000 1048576.000000 0.000000 
	2443206.750000 -2784357.500000 0.000000 1048576.000000 

	1.000000 0.000000 0.000000 0.500000 
	0.000000 1.000000 0.000000 -0.500000 
	0.000000 0.000000 1.000000 0.000000 
	0.000000 0.000000 0.000000 1.000000 

matrixmulti:
	2084874.250000 -215173.531250 0.000000 0.000000 
	215173.515625 2084874.250000 0.000000 0.000000 
	0.000000 0.000000 2097152.000000 0.000000 
	5410701.500000 -6093003.000000 0.000000 2097152.000000 

	0.999475 0.032388 0.000000 0.000000 
	-0.032388 0.999475 0.000000 0.000000 
	0.000000 0.000000 1.000000 0.000000 
	0.000000 0.000000 0.000000 1.000000 

matrixmulti:
	4161685.750000 -497758.937500 0.000000 0.000000 
	497758.875000 4161685.750000 0.000000 0.000000 
	0.000000 0.000000 4194304.000000 0.000000 
	10621224.000000 -12358051.000000 0.000000 4194304.000000 

	1.000000 0.000000 0.000000 0.500000 
	0.000000 1.000000 0.000000 -0.500000 
	0.000000 0.000000 1.000000 0.000000 
	0.000000 0.000000 0.000000 1.000000 

matrixmulti:
	8323371.500000 -995517.875000 0.000000 0.000000 
	995517.750000 8323371.500000 0.000000 0.000000 
	0.000000 0.000000 8388608.000000 0.000000 
	23339600.000000 -26813254.000000 0.000000 8388608.000000 

	0.999402 0.034569 0.000000 0.000000 
	-0.034569 0.999402 0.000000 0.000000 
	0.000000 0.000000 1.000000 0.000000 
	0.000000 0.000000 0.000000 1.000000 

matrixmulti:
	16607354.000000 -2278171.250000 0.000000 0.000000 
	2278171.000000 16607354.000000 0.000000 0.000000 
	0.000000 0.000000 16777216.000000 0.000000 
	45738340.000000 -54417308.000000 0.000000 16777216.000000 

	1.000000 0.000000 0.000000 0.500000 
	0.000000 1.000000 0.000000 -0.500000 
	0.000000 0.000000 1.000000 0.000000 
	0.000000 0.000000 0.000000 1.000000 

matrixmulti:
	33214708.000000 -4556342.500000 0.000000 0.000000 
	4556342.000000 33214708.000000 0.000000 0.000000 
	0.000000 0.000000 33554432.000000 0.000000 
	99865288.000000 -117223224.000000 0.000000 33554432.000000 

	0.999325 0.036748 0.000000 0.000000 
	-0.036748 0.999325 0.000000 0.000000 
	0.000000 0.000000 1.000000 0.000000 
	0.000000 0.000000 0.000000 1.000000 

matrixmulti:
	66239548.000000 -10330190.000000 0.000000 0.000000 
	10330189.000000 66239544.000000 0.000000 0.000000 
	0.000000 0.000000 67108864.000000 0.000000 
	195355376.000000 -238037152.000000 0.000000 67108864.000000 

	1.000000 0.000000 0.000000 0.500000 
	0.000000 1.000000 0.000000 -0.500000 
	0.000000 0.000000 1.000000 0.000000 
	0.000000 0.000000 0.000000 1.000000 

matrixmulti:
	132479096.000000 -20660380.000000 0.000000 0.000000 
	20660378.000000 132479088.000000 0.000000 0.000000 
	0.000000 0.000000 134217728.000000 0.000000 
	424265184.000000 -509628736.000000 0.000000 134217728.000000 

	0.999242 0.038928 0.000000 0.000000 
	-0.038928 0.999242 0.000000 0.000000 
	0.000000 0.000000 1.000000 0.000000 
	0.000000 0.000000 0.000000 1.000000 

matrixmulti:
	264053520.000000 -46462196.000000 0.000000 0.000000 
	46462192.000000 264053504.000000 0.000000 0.000000 
	0.000000 0.000000 268435456.000000 0.000000 
	828370112.000000 -1035386816.000000 0.000000 268435456.000000 

	1.000000 0.000000 0.000000 0.500000 
	0.000000 1.000000 0.000000 -0.500000 
	0.000000 0.000000 1.000000 0.000000 
	0.000000 0.000000 0.000000 1.000000 

matrixmulti:
	528107040.000000 -92924392.000000 0.000000 0.000000 
	92924384.000000 528107008.000000 0.000000 0.000000 
	0.000000 0.000000 536870912.000000 0.000000 
	1790957952.000000 -2204991488.000000 0.000000 536870912.000000 

	0.999155 0.041109 0.000000 0.000000 
	-0.041109 0.999155 0.000000 0.000000 
	0.000000 0.000000 1.000000 0.000000 
	0.000000 0.000000 0.000000 1.000000 

matrixmulti:
	1051947712.000000 -207479952.000000 0.000000 0.000000 
	207479936.000000 1051947648.000000 0.000000 0.000000 
	0.000000 0.000000 1073741824.000000 0.000000 
	3489757952.000000 -4481742848.000000 0.000000 1073741824.000000 

	1.000000 0.000000 0.000000 0.500000 
	0.000000 1.000000 0.000000 -0.500000 
	0.000000 0.000000 1.000000 0.000000 
	0.000000 0.000000 0.000000 1.000000 

matrixmulti:
	2103895424.000000 -414959904.000000 0.000000 0.000000 
	414959872.000000 2103895296.000000 0.000000 0.000000 
	0.000000 0.000000 2147483648.000000 0.000000 
	7516386816.000000 -9500356608.000000 0.000000 2147483648.000000 

	0.999063 0.043289 0.000000 0.000000 
	-0.043289 0.999063 0.000000 0.000000 
	0.000000 0.000000 1.000000 0.000000 
	0.000000 0.000000 0.000000 1.000000 

matrixmulti:
	4187855360.000000 -920606208.000000 0.000000 0.000000 
	920606144.000000 4187855360.000000 0.000000 0.000000 
	0.000000 0.000000 4294967296.000000 0.000000 
	14614467584.000000 -19317182464.000000 0.000000 4294967296.000000 

	1.000000 0.000000 0.000000 0.500000 
	0.000000 1.000000 0.000000 -0.500000 
	0.000000 0.000000 1.000000 0.000000 
	0.000000 0.000000 0.000000 1.000000 

matrixmulti:
	8375710720.000000 -1841212416.000000 0.000000 0.000000 
	1841212288.000000 8375710720.000000 0.000000 0.000000 
	0.000000 0.000000 8589934592.000000 0.000000 
	31376418816.000000 -40781848576.000000 0.000000 8589934592.000000 

	0.998966 0.045468 0.000000 0.000000 
	-0.045468 0.998966 0.000000 0.000000 
	0.000000 0.000000 1.000000 0.000000 
	0.000000 0.000000 0.000000 1.000000 

matrixmulti:
	16659042304.000000 -4061350656.000000 0.000000 0.000000 
	4061350400.000000 16659042304.000000 0.000000 0.000000 
	0.000000 0.000000 17179869184.000000 0.000000 
	60866105344.000000 -82948161536.000000 0.000000 17179869184.000000 

	1.000000 0.000000 0.000000 0.500000 
	0.000000 1.000000 0.000000 -0.500000 
	0.000000 0.000000 1.000000 0.000000 
	0.000000 0.000000 0.000000 1.000000 

matrixmulti:
	33318084608.000000 -8122701312.000000 0.000000 0.000000 
	8122700800.000000 33318084608.000000 0.000000 0.000000 
	0.000000 0.000000 34359738368.000000 0.000000 
	130322145280.000000 -174486257664.000000 0.000000 34359738368.000000 

	0.998864 0.047648 0.000000 0.000000 
	-0.047648 0.998864 0.000000 0.000000 
	0.000000 0.000000 1.000000 0.000000 
	0.000000 0.000000 0.000000 1.000000 

matrixmulti:
	66211295232.000000 -17823717376.000000 0.000000 0.000000 
	17823715328.000000 66211295232.000000 0.000000 0.000000 
	0.000000 0.000000 68719476736.000000 0.000000 
	252182331392.000000 -354983936000.000000 0.000000 68719476736.000000 

	1.000000 0.000000 0.000000 0.500000 
	0.000000 1.000000 0.000000 -0.500000 
	0.000000 0.000000 1.000000 0.000000 
	0.000000 0.000000 0.000000 1.000000 

matrixmulti:
	132422590464.000000 -35647434752.000000 0.000000 0.000000 
	35647430656.000000 132422590464.000000 0.000000 0.000000 
	0.000000 0.000000 137438953472.000000 0.000000 
	538724401152.000000 -744327610368.000000 0.000000 137438953472.000000 

	0.998758 0.049828 0.000000 0.000000 
	-0.049828 0.998758 0.000000 0.000000 
	0.000000 0.000000 1.000000 0.000000 
	0.000000 0.000000 0.000000 1.000000 

matrixmulti:
	262904463360.000000 -77848903680.000000 0.000000 0.000000 
	77848895488.000000 262904463360.000000 0.000000 0.000000 
	0.000000 0.000000 274877906944.000000 0.000000 
	1039691415552.000000 -1514574053376.000000 0.000000 274877906944.000000 

	1.000000 0.000000 0.000000 0.500000 
	0.000000 1.000000 0.000000 -0.500000 
	0.000000 0.000000 1.000000 0.000000 
	0.000000 0.000000 0.000000 1.000000 

matrixmulti:
	525808926720.000000 -155697807360.000000 0.000000 0.000000 
	155697790976.000000 525808926720.000000 0.000000 0.000000 
	0.000000 0.000000 549755813888.000000 0.000000 
	2216821784576.000000 -3166587060224.000000 0.000000 549755813888.000000 

	0.998647 0.052005 0.000000 0.000000 
	-0.052005 0.998647 0.000000 0.000000 
	0.000000 0.000000 1.000000 0.000000 
	0.000000 0.000000 0.000000 1.000000 

matrixmulti:
	1042809225216.000000 -338529681408.000000 0.000000 0.000000 
	338529615872.000000 1042809225216.000000 0.000000 0.000000 
	0.000000 0.000000 1099511627776.000000 0.000000 
	4265964994560.000000 -6444174802944.000000 0.000000 1099511627776.000000 

	1.000000 0.000000 0.000000 0.500000 
	0.000000 1.000000 0.000000 -0.500000 
	0.000000 0.000000 1.000000 0.000000 
	0.000000 0.000000 0.000000 1.000000 

matrixmulti:
	2085618450432.000000 -677059362816.000000 0.000000 0.000000 
	677059231744.000000 2085618450432.000000 0.000000 0.000000 
	0.000000 0.000000 2199023255552.000000 0.000000 
	9081685278720.000000 -13438105419776.000000 0.000000 2199023255552.000000 

	0.998531 0.054183 0.000000 0.000000 
	-0.054183 0.998531 0.000000 0.000000 
	0.000000 0.000000 1.000000 0.000000 
	0.000000 0.000000 0.000000 1.000000 

matrixmulti:
	4131487744000.000000 -1466129580032.000000 0.000000 0.000000 
	1466129317888.000000 4131488006144.000000 0.000000 0.000000 
	0.000000 0.000000 4398046511104.000000 0.000000 
	17421908836352.000000 -27348543995904.000000 0.000000 4398046511104.000000 

	1.000000 0.000000 0.000000 0.500000 
	0.000000 1.000000 0.000000 -0.500000 
	0.000000 0.000000 1.000000 0.000000 
	0.000000 0.000000 0.000000 1.000000 

matrixmulti:
	8262975488000.000000 -2932259160064.000000 0.000000 0.000000 
	2932258635776.000000 8262976012288.000000 0.000000 0.000000 
	0.000000 0.000000 8796093022208.000000 0.000000 
	37042843025408.000000 -56896111247360.000000 0.000000 8796093022208.000000 

	0.998410 0.056363 0.000000 0.000000 
	-0.056363 0.998410 0.000000 0.000000 
	0.000000 0.000000 1.000000 0.000000 
	0.000000 0.000000 0.000000 1.000000 

matrixmulti:
	16347543109632.000000 -6325586100224.000000 0.000000 0.000000 
	6325585051648.000000 16347545206784.000000 0.000000 0.000000 
	0.000000 0.000000 17592186044416.000000 0.000000 
	70819942236160.000000 -115789633945600.000000 0.000000 17592186044416.000000 

	1.000000 0.000000 0.000000 0.500000 
	0.000000 1.000000 0.000000 -0.500000 
	0.000000 0.000000 1.000000 0.000000 
	0.000000 0.000000 0.000000 1.000000 

matrixmulti:
	32695086219264.000000 -12651172200448.000000 0.000000 0.000000 
	12651170103296.000000 32695090413568.000000 0.000000 0.000000 
	0.000000 0.000000 35184372088832.000000 0.000000 
	150435977494528.000000 -240375360913408.000000 0.000000 35184372088832.000000 

	0.998285 0.058541 0.000000 0.000000 
	-0.058541 0.998285 0.000000 0.000000 
	0.000000 0.000000 1.000000 0.000000 
	0.000000 0.000000 0.000000 1.000000 

matrixmulti:
	64593497948160.000000 -27194636107776.000000 0.000000 0.000000 
	27194631913472.000000 64593506336768.000000 0.000000 0.000000 
	0.000000 0.000000 70368744177664.000000 0.000000 
	286542266368000.000000 -489145101189120.000000 0.000000 70368744177664.000000 

	1.000000 0.000000 0.000000 0.500000 
	0.000000 1.000000 0.000000 -0.500000 
	0.000000 0.000000 1.000000 0.000000 
	0.000000 0.000000 0.000000 1.000000 

matrixmulti:
	129186995896320.000000 -54389272215552.000000 0.000000 0.000000 
	54389263826944.000000 129187012673536.000000 0.000000 0.000000 
	0.000000 0.000000 140737488355328.000000 0.000000 
	608268904824832.000000 -1013474574467072.000000 0.000000 140737488355328.000000 

	0.998155 0.060719 0.000000 0.000000 
	-0.060719 0.998155 0.000000 0.000000 
	0.000000 0.000000 1.000000 0.000000 
	0.000000 0.000000 0.000000 1.000000 

matrixmulti:
	254833160355840.000000 -116522294968320.000000 0.000000 0.000000 
	116522278191104.000000 254833193910272.000000 0.000000 0.000000 
	0.000000 0.000000 281474976710656.000000 0.000000 
	1153878397550592.000000 -2062012725067776.000000 0.000000 281474976710656.000000 

	1.000000 0.000000 0.000000 0.500000 
	0.000000 1.000000 0.000000 -0.500000 
	0.000000 0.000000 1.000000 0.000000 
	0.000000 0.000000 0.000000 1.000000 

matrixmulti:
	509666320711680.000000 -233044589936640.000000 0.000000 0.000000 
	233044556382208.000000 509666387820544.000000 0.000000 0.000000 
	0.000000 0.000000 562949953421312.000000 0.000000 
	2448494283456512.000000 -4264762938490880.000000 0.000000 562949953421312.000000 

	0.998020 0.062895 0.000000 0.000000 
	-0.062895 0.998020 0.000000 0.000000 
	0.000000 0.000000 1.000000 0.000000 
	0.000000 0.000000 0.000000 1.000000 

matrixmulti:
	1003666211340288.000000 -497683294846976.000000 0.000000 0.000000 
	497683227738112.000000 1003666345558016.000000 0.000000 0.000000 
	0.000000 0.000000 1125899906842624.000000 0.000000 
	4623907566911488.000000 -8675080708030464.000000 0.000000 1125899906842624.000000 

	1.000000 0.000000 0.000000 0.500000 
	0.000000 1.000000 0.000000 -0.500000 
	0.000000 0.000000 1.000000 0.000000 
	0.000000 0.000000 0.000000 1.000000 

matrixmulti:
	2007332422680576.000000 -995366589693952.000000 0.000000 0.000000 
	995366455476224.000000 2007332691116032.000000 0.000000 0.000000 
	0.000000 0.000000 2251799813685248.000000 0.000000 
	9810765087244288.000000 -17913111369482240.000000 0.000000 2251799813685248.000000 

	0.997881 0.065072 0.000000 0.000000 
	-0.065072 0.997881 0.000000 0.000000 
	0.000000 0.000000 1.000000 0.000000 
	0.000000 0.000000 0.000000 1.000000 

matrixmulti:
	3945639889076224.000000 -2119244506464256.000000 0.000000 0.000000 
	2119244238028800.000000 3945640425947136.000000 0.000000 0.000000 
	0.000000 0.000000 4503599627370496.000000 0.000000 
	18435094851092480.000000 -36426661314428928.000000 0.000000 4503599627370496.000000 

	1.000000 0.000000 0.000000 0.500000 
	0.000000 1.000000 0.000000 -0.500000 
	0.000000 0.000000 1.000000 0.000000 
	0.000000 0.000000 0.000000 1.000000 

matrixmulti:
	7891279778152448.000000 -4238489012928512.000000 0.000000 0.000000 
	4238488476057600.000000 7891280851894272.000000 0.000000 0.000000 
	0.000000 0.000000 9007199254740992.000000 0.000000 
	39121989515870208.000000 -75105122442543104.000000 0.000000 9007199254740992.000000 

	0.997736 0.067250 0.000000 0.000000 
	-0.067250 0.997736 0.000000 0.000000 
	0.000000 0.000000 1.000000 0.000000 
	0.000000 0.000000 0.000000 1.000000 

matrixmulti:
	15479656987754496.000000 -8998070301753344.000000 0.000000 0.000000 
	8998070301753344.000000 15479659135238144.000000 0.000000 0.000000 
	0.000000 0.000000 18014398509481984.000000 0.000000 
	73104603985477632.000000 -152671175246348288.000000 0.000000 18014398509481984.000000 

	1.000000 0.000000 0.000000 0.500000 
	0.000000 1.000000 0.000000 -0.500000 
	0.000000 0.000000 1.000000 0.000000 
	0.000000 0.000000 0.000000 1.000000 

matrixmulti:
	30959313975508992.000000 -17996140603506688.000000 0.000000 0.000000 
	17996140603506688.000000 30959318270476288.000000 0.000000 0.000000 
	0.000000 0.000000 36028797018963968.000000 0.000000 
	155216407225696256.000000 -314349549747437568.000000 0.000000 36028797018963968.000000 

	0.997587 0.069427 0.000000 0.000000 
	-0.069427 0.997587 0.000000 0.000000 
	0.000000 0.000000 1.000000 0.000000 
	0.000000 0.000000 0.000000 1.000000 

matrixmulti:
	60594502418563072.000000 -38098271175966720.000000 0.000000 0.000000 
	38098271175966720.000000 60594515303464960.000000 0.000000 0.000000 
	0.000000 0.000000 72057594037927936.000000 0.000000 
	288233915204763648.000000 -638716749935542272.000000 0.000000 72057594037927936.000000 

	1.000000 0.000000 0.000000 0.500000 
	0.000000 1.000000 0.000000 -0.500000 
	0.000000 0.000000 1.000000 0.000000 
	0.000000 0.000000 0.000000 1.000000 

matrixmulti:
	121189004837126144.000000 -76196542351933440.000000 0.000000 0.000000 
	76196542351933440.000000 121189030606929920.000000 0.000000 0.000000 
	0.000000 0.000000 144115188075855872.000000 0.000000 
	612496627428491264.000000 -1313462296890048512.000000 0.000000 144115188075855872.000000 

	0.997433 0.071602 0.000000 0.000000 
	-0.071602 0.997433 0.000000 0.000000 
	0.000000 0.000000 1.000000 0.000000 
	0.000000 0.000000 0.000000 1.000000 

matrixmulti:
	236611139906043904.000000 -160874872019353600.000000 0.000000 0.000000 
	160874872019353600.000000 236611191445651456.000000 0.000000 0.000000 
	0.000000 0.000000 288230376151711744.000000 0.000000 
	1129374775903256576.000000 -2667409161670623232.000000 0.000000 288230376151711744.000000 

	1.000000 0.000000 0.000000 0.500000 
	0.000000 1.000000 0.000000 -0.500000 
	0.000000 0.000000 1.000000 0.000000 
	0.000000 0.000000 0.000000 1.000000 

matrixmulti:
	473222279812087808.000000 -321749744038707200.000000 0.000000 0.000000 
	321749744038707200.000000 473222382891302912.000000 0.000000 0.000000 
	0.000000 0.000000 576460752303423488.000000 0.000000 
	2402864739882369024.000000 -5478933511417102336.000000 0.000000 576460752303423488.000000 

	0.997275 0.073778 0.000000 0.000000 
	-0.073778 0.997275 0.000000 0.000000 
	0.000000 0.000000 1.000000 0.000000 
	0.000000 0.000000 0.000000 1.000000 

matrixmulti:
	921416857477447680.000000 -677535970026848256.000000 0.000000 0.000000 
	677536038746324992.000000 921417063635877888.000000 0.000000 0.000000 
	0.000000 0.000000 1152921504606846976.000000 0.000000 
	4394956608552042496.000000 -11120214312721842176.000000 0.000000 1152921504606846976.000000 

	1.000000 0.000000 0.000000 0.500000 
	0.000000 1.000000 0.000000 -0.500000 
	0.000000 0.000000 1.000000 0.000000 
	0.000000 0.000000 0.000000 1.000000 

matrixmulti:
	1842833714954895360.000000 -1355071940053696512.000000 0.000000 0.000000 
	1355072077492649984.000000 1842834127271755776.000000 0.000000 0.000000 
	0.000000 0.000000 2305843009213693952.000000 0.000000 
	9366374519163322368.000000 -22816889377747107840.000000 0.000000 2305843009213693952.000000 

	0.997111 0.075957 0.000000 0.000000 
	-0.075957 0.997111 0.000000 0.000000 
	0.000000 0.000000 1.000000 0.000000 
	0.000000 0.000000 0.000000 1.000000 

matrixmulti:
	3577416661864546304.000000 -2846205145509789696.000000 0.000000 0.000000 
	2846205420387696640.000000 3577417486498267136.000000 0.000000 0.000000 
	0.000000 0.000000 4611686018427387904.000000 0.000000 
	16972592550466551808.000000 -46279302032161505280.000000 0.000000 4611686018427387904.000000 

	1.000000 0.000000 0.000000 0.500000 
	0.000000 1.000000 0.000000 -0.500000 
	0.000000 0.000000 1.000000 0.000000 
	0.000000 0.000000 0.000000 1.000000 

matrixmulti:
	7154833323729092608.000000 -5692410291019579392.000000 0.000000 0.000000 
	5692410840775393280.000000 7154834972996534272.000000 0.000000 0.000000 
	0.000000 0.000000 9223372036854775808.000000 0.000000 
	36251028110146797568.000000 -94864447073536704512.000000 0.000000 9223372036854775808.000000 

	0.996943 0.078127 0.000000 0.000000 
	-0.078127 0.996943 0.000000 0.000000 
	0.000000 0.000000 1.000000 0.000000 
	0.000000 0.000000 0.000000 1.000000 

matrixmulti:
	13843069097002139648.000000 -11926404825509527552.000000 0.000000 0.000000 
	11926404825509527552.000000 13843071296025395200.000000 0.000000 0.000000 
	0.000000 0.000000 18446744073709551616.000000 0.000000 
	64979813389561757696.000000 -192271105767979876352.000000 0.000000 18446744073709551616.000000 

	1.000000 0.000000 0.000000 0.500000 
	0.000000 1.000000 0.000000 -0.500000 
	0.000000 0.000000 1.000000 0.000000 
	0.000000 0.000000 0.000000 1.000000 

matrixmulti:
	27686138194004279296.000000 -23852809651019055104.000000 0.000000 0.000000 
	23852809651019055104.000000 27686142592050790400.000000 0.000000 0.000000 
	0.000000 0.000000 36893488147419103232.000000 0.000000 
	139182998815978291200.000000 -393765583572814528512.000000 0.000000 36893488147419103232.000000 

	0.996770 0.080309 0.000000 0.000000 
	-0.080309 0.996770 0.000000 0.000000 
	0.000000 0.000000 1.000000 0.000000 
	0.000000 0.000000 0.000000 1.000000 

matrixmulti:
	53367242167968333824.000000 -49852033125224284160.000000 0.000000 0.000000 
	49852033125224284160.000000 53367250964061356032.000000 0.000000 0.000000 
	0.000000 0.000000 73786976294838206464.000000 0.000000 
	246293331410660884480.000000 -797437045632262995968.000000 0.000000 73786976294838206464.000000 

	1.000000 0.000000 0.000000 0.500000 
	0.000000 1.000000 0.000000 -0.500000 
	0.000000 0.000000 1.000000 0.000000 
	0.000000 0.000000 0.000000 1.000000 

matrixmulti:
	106734484335936667648.000000 -99704066250448568320.000000 0.000000 0.000000 
	99704066250448568320.000000 106734501928122712064.000000 0.000000 0.000000 
	0.000000 0.000000 147573952589676412928.000000 0.000000 
	529480150968740872192.000000 -1631767579411945095168.000000 0.000000 147573952589676412928.000000 

	0.996593 0.082482 0.000000 0.000000 
	-0.082482 0.996593 0.000000 0.000000 
	0.000000 0.000000 1.000000 0.000000 
	0.000000 0.000000 0.000000 1.000000 

matrixmulti:
	204881448607407931392.000000 -207872102642772606976.000000 0.000000 0.000000 
	207872102642772606976.000000 204881483791780020224.000000 0.000000 0.000000 
	0.000000 0.000000 295147905179352825856.000000 0.000000 
	922564142885450547200.000000 -3301647715095443144704.000000 0.000000 295147905179352825856.000000 

	1.000000 0.000000 0.000000 0.500000 
	0.000000 1.000000 0.000000 -0.500000 
	0.000000 0.000000 1.000000 0.000000 
	0.000000 0.000000 0.000000 1.000000 

matrixmulti:
	409762897214815862784.000000 -415744205285545213952.000000 0.000000 0.000000 
	415744205285545213952.000000 409762967583560040448.000000 0.000000 0.000000 
	0.000000 0.000000 590295810358705651712.000000 0.000000 
	1992702238360577507328.000000 -6750869382780562702336.000000 0.000000 590295810358705651712.000000 

	0.996410 0.084654 0.000000 0.000000 
	-0.084654 0.996410 0.000000 0.000000 
	0.000000 0.000000 1.000000 0.000000 
	0.000000 0.000000 0.000000 1.000000 

matrixmulti:
	782860723225813319680.000000 -864683950843229110272.000000 0.000000 0.000000 
	864684021211973287936.000000 782860863963301675008.000000 0.000000 0.000000 
	0.000000 0.000000 1180591620717411303424.000000 0.000000 
	3406765952522921181184.000000 -13646195101308754591744.000000 0.000000 1180591620717411303424.000000 

	1.000000 0.000000 0.000000 0.500000 
	0.000000 1.000000 0.000000 -0.500000 
	0.000000 0.000000 1.000000 0.000000 
	0.000000 0.000000 0.000000 1.000000 

matrixmulti:
	1565721446451626639360.000000 -1729367901686458220544.000000 0.000000 0.000000 
	1729368042423946575872.000000 1565721727926603350016.000000 0.000000 0.000000 
	0.000000 0.000000 2361183241434822606848.000000 0.000000 
	7403827715404548014080.000000 -27882686012976214835200.000000 0.000000 2361183241434822606848.000000 

	0.996223 0.086828 0.000000 0.000000 
	-0.086828 0.996223 0.000000 0.000000 
	0.000000 0.000000 1.000000 0.000000 
	0.000000 0.000000 0.000000 1.000000 

matrixmulti:
	2975372618141565714432.000000 -3588152649639918567424.000000 0.000000 0.000000 
	3588153212589871988736.000000 2975373181091519135744.000000 0.000000 0.000000 
	0.000000 0.000000 4722366482869645213696.000000 0.000000 
	12358703788036263510016.000000 -56302926181074999443456.000000 0.000000 4722366482869645213696.000000 

	1.000000 0.000000 0.000000 0.500000 
	0.000000 1.000000 0.000000 -0.500000 
	0.000000 0.000000 1.000000 0.000000 
	0.000000 0.000000 0.000000 1.000000 

matrixmulti:
	5950745236283131428864.000000 -7176305299279837134848.000000 0.000000 0.000000 
	7176306425179743977472.000000 5950746362183038271488.000000 0.000000 0.000000 
	0.000000 0.000000 9444732965739290427392.000000 0.000000 
	27078590817507349626880.000000 -114967035603584821493760.000000 0.000000 9444732965739290427392.000000 

	0.996032 0.089001 0.000000 0.000000 
	-0.089001 0.996032 0.000000 0.000000 
	0.000000 0.000000 1.000000 0.000000 
	0.000000 0.000000 0.000000 1.000000 

matrixmulti:
	11239177600566275604480.000000 -14853752024795046739968.000000 0.000000 0.000000 
	14853754276594860425216.000000 11239180978265996132352.000000 0.000000 0.000000 
	0.000000 0.000000 18889465931478580854784.000000 0.000000 
	43817560905318754418688.000000 -231887858826312530526208.000000 0.000000 18889465931478580854784.000000 

	1.000000 0.000000 0.000000 0.500000 
	0.000000 1.000000 0.000000 -0.500000 
	0.000000 0.000000 1.000000 0.000000 
	0.000000 0.000000 0.000000 1.000000 

matrixmulti:
	22478355201132551208960.000000 -29707504049590093479936.000000 0.000000 0.000000 
	29707508553189720850432.000000 22478361956531992264704.000000 0.000000 0.000000 
	0.000000 0.000000 37778931862957161709568.000000 0.000000 
	97079854776376799264768.000000 -473220450618364351479808.000000 0.000000 37778931862957161709568.000000 

	0.995835 0.091172 0.000000 0.000000 
	-0.091172 0.995835 0.000000 0.000000 
	0.000000 0.000000 1.000000 0.000000 
	0.000000 0.000000 0.000000 1.000000 

matrixmulti:
	42154602239312571400192.000000 -61340679745849400492032.000000 0.000000 0.000000 
	61340688753048655233024.000000 42154611246511826141184.000000 0.000000 0.000000 
	0.000000 0.000000 75557863725914323419136.000000 0.000000 
	150610909962397433200640.000000 -953320960315470062288896.000000 0.000000 75557863725914323419136.000000 

	1.000000 0.000000 0.000000 0.500000 
	0.000000 1.000000 0.000000 -0.500000 
	0.000000 0.000000 1.000000 0.000000 
	0.000000 0.000000 0.000000 1.000000 

matrixmulti:
	84309204478625142800384.000000 -122681359491698800984064.000000 0.000000 0.000000 
	122681377506097310466048.000000 84309222493023652282368.000000 0.000000 0.000000 
	0.000000 0.000000 151115727451828646838272.000000 0.000000 
	339000751787752028110848.000000 -1944420852493897286287360.000000 0.000000 151115727451828646838272.000000 

	0.995634 0.093346 0.000000 0.000000 
	-0.093346 0.995634 0.000000 0.000000 
	0.000000 0.000000 1.000000 0.000000 
	0.000000 0.000000 0.000000 1.000000 

matrixmulti:
	156798513576832814546944.000000 -252696975091758530560000.000000 0.000000 0.000000 
	252697011120555549523968.000000 156798531591231324028928.000000 0.000000 0.000000 
	0.000000 0.000000 302231454903657293676544.000000 0.000000 
	495017728699649476263936.000000 -3911996404025566183817216.000000 0.000000 302231454903657293676544.000000 

	1.000000 0.000000 0.000000 0.500000 
	0.000000 1.000000 0.000000 -0.500000 
	0.000000 0.000000 1.000000 0.000000 
	0.000000 0.000000 0.000000 1.000000 

matrixmulti:
	313597027153665629093888.000000 -505393950183517061120000.000000 0.000000 0.000000 
	505394022241111099047936.000000 313597063182462648057856.000000 0.000000 0.000000 
	0.000000 0.000000 604462909807314587353088.000000 0.000000 
	1141151184851127599366144.000000 -7975108535502961014472704.000000 0.000000 604462909807314587353088.000000 

	0.995428 0.095518 0.000000 0.000000 
	-0.095518 0.995428 0.000000 0.000000 
	0.000000 0.000000 1.000000 0.000000 
	0.000000 0.000000 0.000000 1.000000 

matrixmulti:
	577486275981771278385152.000000 -1038431066937428264615936.000000 0.000000 0.000000 
	1038431283110210378399744.000000 577486275981771278385152.000000 0.000000 0.000000 
	0.000000 0.000000 1208925819614629174706176.000000 0.000000 
	1515321915223302551371776.000000 -16022751974546757199593472.000000 0.000000 1208925819614629174706176.000000 

	1.000000 0.000000 0.000000 0.500000 
	0.000000 1.000000 0.000000 -0.500000 
	0.000000 0.000000 1.000000 0.000000 
	0.000000 0.000000 0.000000 1.000000 

matrixmulti:
	1154972551963542556770304.000000 -2076862133874856529231872.000000 0.000000 0.000000 
	2076862566220420756799488.000000 1154972551963542556770304.000000 0.000000 0.000000 
	0.000000 0.000000 2417851639229258349412352.000000 0.000000 
	3635106740253919690096640.000000 -32649966858900828986540032.000000 0.000000 2417851639229258349412352.000000 

	0.995217 0.097688 0.000000 0.000000 
	-0.097688 0.995217 0.000000 0.000000 
	0.000000 0.000000 1.000000 0.000000 
	0.000000 0.000000 0.000000 1.000000 

matrixmulti:
	2101536671686076116500480.000000 -4256617612119479571972096.000000 0.000000 0.000000 
	4256618765040984178819072.000000 2101536671686076116500480.000000 0.000000 0.000000 
	0.000000 0.000000 4835703278458516698824704.000000 0.000000 
	4063321386730480973381632.000000 -65498881852636615487258624.000000 0.000000 4835703278458516698824704.000000 

	1.000000 0.000000 0.000000 0.500000 
	0.000000 1.000000 0.000000 -0.500000 
	0.000000 0.000000 1.000000 0.000000 
	0.000000 0.000000 0.000000 1.000000 

matrixmulti:
	4203073343372152233000960.000000 -8513235224238959143944192.000000 0.000000 0.000000 
	8513237530081968357638144.000000 4203073343372152233000960.000000 0.000000 0.000000 
	0.000000 0.000000 9671406556917033397649408.000000 0.000000 
	10544494412690220296175616.000000 -133415615344502489323929600.000000 0.000000 9671406556917033397649408.000000 

	0.995001 0.099860 0.000000 0.000000 
	-0.099860 0.995001 0.000000 0.000000 
	0.000000 0.000000 1.000000 0.000000 
	0.000000 0.000000 0.000000 1.000000 

matrixmulti:
	7535006691853150835441664.000000 -17403636036573497600770048.000000 0.000000 0.000000 
	17403640648259516028157952.000000 7535006115392398532018176.000000 0.000000 0.000000 
	0.000000 0.000000 19342813113834066795298816.000000 0.000000 
	7713409189015262033084416.000000 -267217321042467719563182080.000000 0.000000 19342813113834066795298816.000000 

	1.000000 0.000000 0.000000 0.500000 
	0.000000 1.000000 0.000000 -0.500000 
	0.000000 0.000000 1.000000 0.000000 
	0.000000 0.000000 0.000000 1.000000 

matrixmulti:
	15070013383706301670883328.000000 -34807272073146995201540096.000000 0.000000 0.000000 
	34807281296519032056315904.000000 15070012230784797064036352.000000 0.000000 0.000000 
	0.000000 0.000000 38685626227668133590597632.000000 0.000000 
	25098224934947557463818240.000000 -544106048641852472524013568.000000 0.000000 38685626227668133590597632.000000 

	0.994781 0.102032 0.000000 0.000000 
	-0.102032 0.994781 0.000000 0.000000 
	0.000000 0.000000 1.000000 0.000000 
	0.000000 0.000000 0.000000 1.000000 

matrixmulti:
	26509931200478457312051200.000000 -70970508962920158413717504.000000 0.000000 0.000000 
	70970527409664232123269120.000000 26509931200478457312051200.000000 0.000000 0.000000 
	0.000000 0.000000 77371252455336267181195264.000000 0.000000 
	-5450588598667477182840832.000000 -1087933330087263046304006144.000000 0.000000 77371252455336267181195264.000000 

	1.000000 0.000000 0.000000 0.500000 
	0.000000 1.000000 0.000000 -0.500000 
	0.000000 0.000000 1.000000 0.000000 
	0.000000 0.000000 0.000000 1.000000 

matrixmulti:
	53019862400956914624102400.000000 -141941017925840316827435008.000000 0.000000 0.000000 
	141941054819328464246538240.000000 53019862400956914624102400.000000 0.000000 0.000000 
	0.000000 0.000000 154742504910672534362390528.000000 0.000000 
	27784449030333179224915968.000000 -2214552286402194226198609920.000000 0.000000 154742504910672534362390528.000000 

	0.994556 0.104201 0.000000 0.000000 
	-0.104201 0.994556 0.000000 0.000000 
	0.000000 0.000000 1.000000 0.000000 
	0.000000 0.000000 0.000000 1.000000 

matrixmulti:
	90960765900253283051634688.000000 -288634064699020803827564544.000000 0.000000 0.000000 
	288634120039253024956219392.000000 90960756676881246196858880.000000 0.000000 0.000000 
	0.000000 0.000000 309485009821345068724781056.000000 0.000000 
	-175340102449888472277712896.000000 -4419944362419242058093953024.000000 0.000000 309485009821345068724781056.000000 

	1.000000 0.000000 0.000000 0.500000 
	0.000000 1.000000 0.000000 -0.500000 
	0.000000 0.000000 1.000000 0.000000 
	0.000000 0.000000 0.000000 1.000000 

matrixmulti:
	181921531800506566103269376.000000 -577268129398041607655129088.000000 0.000000 0.000000 
	577268240078506049912438784.000000 181921513353762492393717760.000000 0.000000 0.000000 
	0.000000 0.000000 618970019642690137449562112.000000 0.000000 
	-195937699989104410193035264.000000 -8994631229749156650550296576.000000 0.000000 618970019642690137449562112.000000 

	0.994327 0.106370 0.000000 0.000000 
	-0.106370 0.994327 0.000000 0.000000 
	0.000000 0.000000 1.000000 0.000000 
	0.000000 0.000000 0.000000 1.000000 

matrixmulti:
	301406756316353960752447488.000000 -1170612227321439615352569856.000000 0.000000 0.000000 
	1170612522469344794705395712.000000 301406719422865813333344256.000000 0.000000 0.000000 
	0.000000 0.000000 1237940039285380274899124224.000000 0.000000 
	-1347525357425469595934785536.000000 -17917390402812278735770746880.000000 0.000000 1237940039285380274899124224.000000 

	1.000000 0.000000 0.000000 0.500000 
	0.000000 1.000000 0.000000 -0.500000 
	0.000000 0.000000 1.000000 0.000000 
	0.000000 0.000000 0.000000 1.000000 

matrixmulti:
	602813512632707921504894976.000000 -2341224454642879230705139712.000000 0.000000 0.000000 
	2341225044938689589410791424.000000 602813438845731626666688512.000000 0.000000 0.000000 
	0.000000 0.000000 2475880078570760549798248448.000000 0.000000 
	-2076080695208249054420008960.000000 -36453750825267247608991055872.000000 0.000000 2475880078570760549798248448.000000 

	0.994092 0.108539 0.000000 0.000000 
	-0.108539 0.994092 0.000000 0.000000 
	0.000000 0.000000 1.000000 0.000000 
	0.000000 0.000000 0.000000 1.000000 

matrixmulti:
	947950581618799588057022464.000000 -4734046370921307743073599488.000000 0.000000 0.000000 
	4734047551512928460484902912.000000 947950434044846998380609536.000000 0.000000 0.000000 
	0.000000 0.000000 4951760157141521099596496896.000000 0.000000 
	-8096564628602387611326087168.000000 -72466800965620134187349573632.000000 0.000000 4951760157141521099596496896.000000 

	1.000000 0.000000 0.000000 0.500000 
	0.000000 1.000000 0.000000 -0.500000 
	0.000000 0.000000 1.000000 0.000000 
	0.000000 0.000000 0.000000 1.000000 

matrixmulti:
	1895901163237599176114044928.000000 -9468092741842615486147198976.000000 0.000000 0.000000 
